S-box                  NLmn   NLavg NLmx  SACavg  SACmn  SACmx BNLmn  BNLavg    BSAC      LP      DP   DU  FP   cNL
V2 t0 once              104  104.50  106  0.4978 0.3750 0.5781   104  105.43  0.4980  0.0938  0.0312 ( 8)   0   104
V2 t0 son               108  108.25  110  0.5103 0.4062 0.5938   104  105.79  0.5012  0.0938  0.0312 ( 8)   0   104
V2 t3 once              104  105.50  106  0.5037 0.4219 0.5781   104  105.36  0.5010  0.0938  0.0312 ( 8)   2   104
V2 t3 son               108  108.00  108  0.5017 0.4219 0.5781   104  105.71  0.4998  0.0938  0.0312 ( 8)   0   104
V2 t4 once              104  105.25  108  0.5024 0.4062 0.5938   104  105.36  0.5055  0.0938  0.0312 ( 8)   1   104
V2 t4 son               108  108.50  110  0.4976 0.3906 0.5938   104  106.29  0.4964  0.0938  0.0312 ( 8)   0   104
V2 t2 once              104  105.75  108  0.5049 0.4062 0.5938   104  105.43  0.5028  0.0938  0.0312 ( 8)   4   104
V2 t2 son               108  108.25  110  0.4929 0.4062 0.5625   104  105.86  0.5047  0.0938  0.0312 ( 8)   0   104
V2 t1 once              104  105.00  108  0.4956 0.3750 0.5938   104  106.07  0.4999  0.0938  0.0312 ( 8)   3   104
V2 t1 son               108  108.50  110  0.5090 0.4219 0.5781   104  106.36  0.5013  0.0938  0.0312 ( 8)   0   104
V2 t5 once              104  105.00  108  0.4990 0.4062 0.5938   104  105.50  0.5012  0.0938  0.0312 ( 8)   1   104
V2 t5 son               108  108.00  108  0.4995 0.4062 0.5625   104  106.29  0.5062  0.0938  0.0312 ( 8)   0   104

== Onerilen S-box: V2 t1 key=(0.4705415610291365, 0.38345047439724317) DU=8 n=30 ==
Cikis tabani maskeleri: ['11100110', '10100010', '01001111', '10001110', '11101100', '10111111', '00100001', '01100111'], cikis sabiti: 0
S-box                  NLmn   NLavg NLmx  SACavg  SACmn  SACmx BNLmn  BNLavg    BSAC      LP      DP   DU  FP   cNL
AES (referans)          112  112.00  112  0.5049 0.4531 0.5625   112  112.00  0.5046  0.0625  0.0156 ( 4)   0   112
onerilen                108  108.50  110  0.5090 0.4219 0.5781   104  106.36  0.5013  0.0938  0.0312 ( 8)   0   104
206  65 205  75  72  24 167 175  59 221 102  27 135  40 243  51
119 121 166 201 200 100  64 216  66  81 137  28   8  57 199 114
 25 223 193  14  78 211 105 212 240  45   3 132  77 157 247 224
232  98 101 191 117  55 152 235   4  70 151 170 189 251  49 181
 90 138 162 188  18  73 180 161 159  97  82   2  83  60 184  29
196 148  50   7  53  37 238 244 124 210  76 220 172 227 136 254
202 118 113  44   0  93  58  96  32  30 123  39 203 142 187 122
 10 194  33  12 242  79  80 173  48 213  86  34 165 222 154 253
204  63  52 128 229 197  26 176  61 178 111 112  71 116  74 237
 68 147 219  46 179 150 146 230  84 156  99  95  23  94 225 182
  5 228  41 174 160  35 127 241  11   9 155 234 231 207 195  31
 36 217  56 110 246  89  54 169 177 106  87 171 131 183 248 245
 42 134 145   6  92 109 103 250  62 218  20 143 129 249  47 108
164 126  85 107 140 190 104 133 233 153 168 185 144 226 214 215
208 255  43  17 209 163  15   1 158  22  91 186 130  19 120  13
 67 141 236 149 125 252  21  88  16  69 192 115 139 198  38 239
Koordinat NL: [110, 110, 108, 108, 108, 108, 108, 108]
DDT'de 8 degerli girdi sayisi: 30, 6 degerli: 565
Cebirsel dereceler: [7, 7, 7, 7, 7, 7, 7, 7]
SAC min/maks: 0.4219/0.5781; BIC-SAC min/maks: 0.3906/0.6562
SAC matrisi:
  0.5469 0.5156 0.5000 0.4219 0.5000 0.5312 0.5000 0.5156
  0.4531 0.5156 0.4531 0.4688 0.5156 0.5625 0.4688 0.4844
  0.5781 0.4844 0.5469 0.5312 0.4688 0.5000 0.4844 0.5000
  0.5000 0.5156 0.5469 0.5156 0.5156 0.4844 0.4531 0.5469
  0.5625 0.5312 0.5156 0.5312 0.5312 0.5312 0.4688 0.5000
  0.4531 0.5625 0.5000 0.4531 0.5000 0.4531 0.4844 0.5000
  0.5000 0.5156 0.5625 0.5625 0.5312 0.5625 0.4688 0.5156
  0.4844 0.5781 0.5312 0.5312 0.4688 0.5312 0.5625 0.4688