== Dogrulama: AES S-box ==
S-box                  NLmn   NLavg NLmx  SACavg  SACmn  SACmx BNLmn  BNLavg    BSAC      LP      DP   DU  FP   cNL
AES                     112  112.00  112  0.5049 0.4531 0.5625   112  112.00  0.5046  0.0625  0.0156 ( 4)   0   112

== 2D-LCCM Lyapunov usleri (mu=3.99, rho=2.59, k=5.3, lam=0.7) ==
LE1 = 3.9731, LE2 = -3.1310  -> kaotik

== Ham (optimizasyonsuz) S-box'lar: 200 farkli anahtar ==
NL_min dagilimi: min=88 ort=99.23 max=104
NL_avg dagilimi: min=101.25 ort=103.72 max=105.75
DU dagilimi: min=10 ort=11.31 max=14
LP dagilimi: min=0.1250 ort=0.1384 max=0.1719
SAC ort (200 S-box): 0.5020
BIC-SAC ort (200 S-box): 0.5023
BIC-NL ort (200 S-box): 103.54

S-box                  NLmn   NLavg NLmx  SACavg  SACmn  SACmx BNLmn  BNLavg    BSAC      LP      DP   DU  FP   cNL
LCCM ham (en iyi)       104  105.75  108  0.5134 0.4375 0.6875    96  102.93  0.5047  0.1406  0.0469 (12)   0    92
LCCM ham (medyan)       100  103.50  108  0.5010 0.3906 0.6250    92  103.50  0.5009  0.1484  0.0469 (12)   1    90

== (A) Sadece koordinat NL'si hedefli takas optimizasyonu (en iyi 5 ham S-box) ==
S-box                  NLmn   NLavg NLmx  SACavg  SACmn  SACmx BNLmn  BNLavg    BSAC      LP      DP   DU  FP   cNL
LCCM optA #1            110  111.75  112  0.4980 0.4219 0.5938   100  103.86  0.5005  0.1250  0.0469 (12)   0    96
LCCM optA #2            110  111.75  112  0.5049 0.4531 0.5781    94  102.36  0.4980  0.1328  0.0469 (12)   0    94
LCCM optA #3            110  111.50  112  0.5042 0.4375 0.6094    96  103.50  0.5041  0.1328  0.0391 (10)   0    94
LCCM optA #4            110  111.50  112  0.4993 0.4062 0.5781   102  104.36  0.5056  0.1484  0.0469 (12)   1    90
LCCM optA #5            110  111.25  112  0.5005 0.4219 0.5781    96  103.79  0.4959  0.1406  0.0391 (10)   0    92

== (B) Tum bilesen NL + DU hedefli takas optimizasyonu (en iyi 5 ham S-box) ==
S-box                  NLmn   NLavg NLmx  SACavg  SACmn  SACmx BNLmn  BNLavg    BSAC      LP      DP   DU  FP   cNL
LCCM optB #1            102  103.75  106  0.5044 0.4219 0.5938   102  104.21  0.5038  0.1016  0.0312 ( 8)   1   102
LCCM optB #2            102  104.25  110  0.4993 0.4219 0.5938   102  104.86  0.5073  0.1016  0.0391 (10)   1   102
LCCM optB #3            102  104.75  106  0.5073 0.4219 0.5938   102  104.57  0.5074  0.1094  0.0312 ( 8)   1   100
LCCM optB #4            102  104.25  108  0.4973 0.4062 0.6094   102  104.57  0.5001  0.1094  0.0312 ( 8)   0   100
LCCM optB #5            102  104.00  108  0.4958 0.4062 0.6094   100  104.21  0.5024  0.1094  0.0312 ( 8)   1   100

== Onerilen S-box (LCCM optB #1), anahtar x0=0.8282911814, y0=0.5625256073 ==
 67  36  38 168 248  97 218 137 173  69  49  33  54 204 160  62
175 198  50 172 161  51   3   1 113 151  66 102  17  73 238 189
 26 234 154 133  76  22  96 185 219 182  64 222  21 250  71  42
 80 207 107 166  45 243  13 127  57  32  65 144  86  48   8 181
 34   4 252 118  59 233  75 104 114 223 249 230 214 208  40 123
 47  84 155 191 103 180 183 157 244 187  20 212 192 116 158  19
203 148   9 228  68  61  10 240 236  23  35 120  53 186 205 196
 94 210 170  85  79  99  25 245 145 101  31 176   0  63 215  28
199 125  83 246 128 232  27  15 225 131  82 135  56 108  60 255
242 124 202 247 209  81 150 100 216  77 167 241  74 138 163  39
141   2 188  91 165  41 119  55 153 117 184 140 179 106 159 126
 98  29  93 121 201 226 152 169  11 143   6 110 112  92   7 221
197 220 136 239  70 254 193  16 162 115 237 224 156 109  89  52
 87 111 231  44   5 211  58 147 105 251  90  24  88 253 195 129
130 134 171 178 227  37 146 206 149  43 122  95 142  12 235 200
 78 213  18 164 132 190  14  46 177 217 139 229  30  72 194 174
Koordinat NL'leri: [104, 106, 104, 104, 104, 104, 102, 102]
Tum bilesenler uzerinden NL (min over b!=0): 102
Cebirsel dereceler: [7, 7, 7, 7, 7, 7, 7, 7]
SAC matrisi:
  0.4688 0.5156 0.5781 0.5938 0.5156 0.5156 0.4844 0.4375
  0.5000 0.4844 0.4688 0.5156 0.5156 0.5312 0.5000 0.5000
  0.5156 0.5000 0.5000 0.5312 0.4844 0.4844 0.5156 0.5312
  0.5469 0.4844 0.5781 0.5312 0.4375 0.5156 0.4375 0.5000
  0.4844 0.5156 0.5156 0.5000 0.4844 0.5156 0.4375 0.5781
  0.4844 0.5625 0.4844 0.5000 0.4688 0.5156 0.4219 0.4219
  0.5156 0.5312 0.4375 0.5000 0.5312 0.5156 0.4844 0.5000
  0.5156 0.5000 0.5312 0.5000 0.5469 0.5312 0.5469 0.4844

== Ham en iyi S-box, anahtar x0=0.8282911814, y0=0.5625256073 ==
140  56 174 236 248  97 170 199 173 246  49 250  54 204 160   7
175 198 163 172 191 131   3 102 226 151 201   1  17 177 238 189
166 234   0 133  76  13  96 192 225 182  64 240  21  33  71 121
 80 207 107 219 176 243 222 127  57  32  65 255  86 130   8 181
 34   4  69 118 168 233 206 104  75 187 211 230 214 161  40 123
 94  84 124 208 103 180  38 184 244  48  20  68 185 249 152  19
203 148   9 228 212  61  10 158  44  23 205 223 139 186  35 108
 47 210  26  85  79  58  25 245 145 101  31  24 154  63 215  28
 95 178  83 252 128 232  27  15  66  51  82 135  36 196  46 144
242 155 202 120 209  81 136 100 216  77 109 241  74 138  50  39
141   2 188  91 165  41 119  55 153 117 157  67  11 106  87 126
 98  29  93  42 218 113  99 169 179 143   6 110 112  92  62 147
197 220 150 239  70 247 193  16 162 115 237 114 156  45  89  52
159 111 231 254   5 116  22 221 105 251  90 167 224 253 195 129
 59 134 171 125 227  37 146  88 149  43 122 132 142  12 235 200
 78 213  18 164 137 190  14  60  73 194  53 229  30  72 217 183