Boru hatti: 10 tohum x (2D-LCCM, rastgele), A2 30000 deneme, 106 denemesi 3000 iterasyon
  lccm   t4: 104@119 it (10s), 106 denemesi -> 104 (225s), toplam 332s
  lccm   t1: 104@73 it (7s), 106 denemesi -> 104 (228s), toplam 333s
  lccm   t0: 104@61 it (6s), 106 denemesi -> 104 (233s), toplam 334s
  lccm   t5: 104@145 it (11s), 106 denemesi -> 104 (227s), toplam 336s
  lccm   t8: 104@64 it (6s), 106 denemesi -> 104 (229s), toplam 336s
  lccm   t6: 104@131 it (14s), 106 denemesi -> 104 (231s), toplam 337s
  random t0: 104@140 it (11s), 106 denemesi -> 104 (233s), toplam 339s
  lccm   t9: 104@164 it (16s), 106 denemesi -> 104 (229s), toplam 340s
  lccm   t2: 104@482 it (40s), 106 denemesi -> 104 (219s), toplam 350s
  lccm   t3: 104@369 it (28s), 106 denemesi -> 104 (229s), toplam 351s
  lccm   t7: 104@618 it (49s), 106 denemesi -> 104 (226s), toplam 360s
  random t3: 104@125 it (6s), 106 denemesi -> 104 (164s), toplam 247s
  random t4: 104@167 it (8s), 106 denemesi -> 104 (163s), toplam 247s
  random t6: 104@292 it (14s), 106 denemesi -> 104 (158s), toplam 246s
  random t8: 104@151 it (8s), 106 denemesi -> 104 (163s), toplam 244s
  random t7: 104@96 it (5s), 106 denemesi -> 104 (167s), toplam 245s
  random t9: 104@94 it (6s), 106 denemesi -> 104 (159s), toplam 235s
  random t5: 104@224 it (11s), 106 denemesi -> 104 (165s), toplam 249s
  random t1: 104@368 it (18s), 106 denemesi -> 104 (167s), toplam 254s
  random t2: 104@471 it (24s), 106 denemesi -> 104 (162s), toplam 253s

== Kontrol deneyi: 2D-LCCM vs rastgele baslangic ==
  lccm  : baslangic cNL ort 94.0, 104'e ulasan 10/10, iterasyon ort 223 (min 61, maks 618), 106'ya ulasan 0/10, son DU ort 9.80, son LP ort 0.0938, son koord NL ort 108.38
  random: baslangic cNL ort 92.8, 104'e ulasan 10/10, iterasyon ort 213 (min 94, maks 471), 106'ya ulasan 0/10, son DU ort 10.20, son LP ort 0.0938, son koord NL ort 108.38

== Asamalar (her tohum icin: A0 ham, A1 NL104, A2 DU, A3 taban+sabit) ==
S-box                  NLmn   NLavg NLmx  SACavg  SACmn  SACmx BNLmn  BNLavg    BSAC      LP      DP   DU  FP   cNL
lccm t0 A0              100  104.00  108  0.5022 0.3906 0.6406    94  102.36  0.5027  0.1328  0.0469 (12)   0    94
lccm t0 A1              104  105.50  106  0.4990 0.4062 0.6094   104  105.79  0.5036  0.0938  0.0391 (10)   0   104
lccm t0 A2              104  105.50  106  0.4990 0.4062 0.6094   104  105.79  0.5036  0.0938  0.0391 (10)   0   104
lccm t0 A3              108  108.75  110  0.5100 0.4062 0.6094   104  106.21  0.4994  0.0938  0.0391 (10)   0   104
lccm t1 A0              102  104.25  108  0.4983 0.3594 0.5781   100  104.00  0.5049  0.1250  0.0469 (12)   3    96
lccm t1 A1              104  105.00  106  0.4954 0.4062 0.6250   104  106.00  0.5018  0.0938  0.0391 (10)   2   104
lccm t1 A2              104  105.00  106  0.4954 0.4062 0.6250   104  106.00  0.5018  0.0938  0.0391 (10)   2   104
lccm t1 A3              108  108.25  110  0.5063 0.4219 0.5938   104  106.00  0.5008  0.0938  0.0391 (10)   0   104
lccm t2 A0               98  103.50  106  0.5081 0.3594 0.6094    94  102.71  0.4967  0.1328  0.0469 (12)   0    94
lccm t2 A1              104  105.00  106  0.5061 0.3750 0.5781   104  105.57  0.5034  0.0938  0.0391 (10)   0   104
lccm t2 A2              104  105.00  106  0.5061 0.3750 0.5781   104  105.57  0.5034  0.0938  0.0391 (10)   0   104
lccm t2 A3              108  108.25  110  0.5017 0.4219 0.5938   104  106.00  0.4972  0.0938  0.0391 (10)   0   104
lccm t3 A0              100  105.00  108  0.5027 0.3906 0.6406   100  104.14  0.5013  0.1328  0.0391 (10)   0    94
lccm t3 A1              104  105.25  108  0.4993 0.3906 0.6250   104  105.57  0.5031  0.0938  0.0391 (10)   1   104
lccm t3 A2              104  105.25  108  0.4993 0.3906 0.6250   104  105.57  0.5031  0.0938  0.0391 (10)   1   104
lccm t3 A3              108  108.25  110  0.5012 0.4219 0.6250   104  106.29  0.4987  0.0938  0.0391 (10)   0   104
lccm t4 A0              102  104.00  106  0.5000 0.3594 0.5781    98  103.14  0.5052  0.1328  0.0469 (12)   0    94
lccm t4 A1              104  105.75  108  0.4985 0.4219 0.5781   104  105.86  0.5010  0.0938  0.0391 (10)   1   104
lccm t4 A2              104  105.75  108  0.4985 0.4219 0.5781   104  105.86  0.5010  0.0938  0.0391 (10)   1   104
lccm t4 A3              108  108.50  110  0.4946 0.3906 0.5781   104  106.07  0.5042  0.0938  0.0391 (10)   0   104
lccm t5 A0              102  103.75  106  0.4895 0.4219 0.6094    98  103.14  0.5044  0.1328  0.0469 (12)   2    94
lccm t5 A1              104  104.75  106  0.5020 0.3906 0.5781   104  105.43  0.5013  0.0938  0.0312 ( 8)   1   104
lccm t5 A2              104  104.75  106  0.5020 0.3906 0.5781   104  105.43  0.5013  0.0938  0.0312 ( 8)   1   104
lccm t5 A3              108  108.00  108  0.4998 0.3906 0.5938   104  105.86  0.5012  0.0938  0.0312 ( 8)   0   104
lccm t6 A0              100  104.50  106  0.5022 0.3906 0.5938    98  103.79  0.5020  0.1328  0.0469 (12)   1    94
lccm t6 A1              104  105.75  108  0.4988 0.4062 0.5781   104  105.14  0.4993  0.0938  0.0391 (10)   0   104
lccm t6 A2              104  105.75  108  0.4988 0.4062 0.5781   104  105.14  0.4993  0.0938  0.0391 (10)   0   104
lccm t6 A3              108  108.50  110  0.5071 0.3906 0.5781   104  105.93  0.5002  0.0938  0.0391 (10)   0   104
lccm t7 A0               98  103.50  108  0.4937 0.3906 0.5781    94  102.21  0.5031  0.1328  0.0391 (10)   0    94
lccm t7 A1              104  104.50  106  0.4983 0.4062 0.6250   104  105.21  0.5033  0.0938  0.0391 (10)   2   104
lccm t7 A2              104  104.50  106  0.4983 0.4062 0.6250   104  105.21  0.5033  0.0938  0.0391 (10)   2   104
lccm t7 A3              108  108.50  110  0.4993 0.3750 0.6094   104  105.64  0.4986  0.0938  0.0391 (10)   0   104
lccm t8 A0               96  102.75  108  0.5051 0.4062 0.5938   100  103.79  0.4992  0.1328  0.0391 (10)   2    94
lccm t8 A1              104  105.50  108  0.5007 0.4062 0.5938   104  105.29  0.5001  0.0938  0.0312 ( 8)   3   104
lccm t8 A2              104  105.50  108  0.5007 0.4062 0.5938   104  105.29  0.5001  0.0938  0.0312 ( 8)   3   104
lccm t8 A3              108  108.25  110  0.5012 0.4219 0.5781   104  106.07  0.5018  0.0938  0.0312 ( 8)   0   104
lccm t9 A0              100  103.50  110  0.5122 0.3750 0.6094    98  103.86  0.5038  0.1406  0.0391 (10)   0    92
lccm t9 A1              104  105.25  108  0.5073 0.4062 0.6406   104  105.07  0.5000  0.0938  0.0469 (12)   2   104
lccm t9 A2              104  105.25  108  0.5073 0.4062 0.6406   104  105.07  0.5000  0.0938  0.0469 (12)   2   104
lccm t9 A3              108  108.50  110  0.5005 0.3906 0.6094   104  105.93  0.5024  0.0938  0.0469 (12)   0   104
random t0 A0            100  106.00  110  0.4995 0.4062 0.5781    96  104.07  0.5001  0.1328  0.0469 (12)   1    94
random t0 A1            104  106.25  108  0.4995 0.4062 0.6094   104  105.07  0.5008  0.0938  0.0391 (10)   0   104
random t0 A2            104  106.25  108  0.4995 0.4062 0.6094   104  105.07  0.5008  0.0938  0.0391 (10)   0   104
random t0 A3            108  108.50  110  0.4993 0.3906 0.5781   104  105.86  0.5071  0.0938  0.0391 (10)   0   104
random t1 A0             98  103.25  106  0.4937 0.4062 0.5781    98  104.14  0.5067  0.1328  0.0469 (12)   4    94
random t1 A1            104  106.00  108  0.4951 0.4062 0.5781   104  105.57  0.4997  0.0938  0.0391 (10)   2   104
random t1 A2            104  106.00  108  0.4951 0.4062 0.5781   104  105.57  0.4997  0.0938  0.0391 (10)   2   104
random t1 A3            108  109.00  110  0.4973 0.4219 0.5781   104  105.57  0.4973  0.0938  0.0391 (10)   0   104
random t2 A0             98  102.75  106  0.4924 0.3906 0.6094    94  104.07  0.5053  0.1406  0.0391 (10)   1    92
random t2 A1            104  105.00  106  0.5022 0.4062 0.5938   104  105.57  0.5011  0.0938  0.0391 (10)   2   104
random t2 A2            104  104.75  106  0.5037 0.4062 0.5938   104  105.50  0.5015  0.0938  0.0391 (10)   2   104
random t2 A3            108  108.50  110  0.4954 0.4062 0.5938   104  106.00  0.5036  0.0938  0.0391 (10)   0   104
random t3 A0            100  104.25  108  0.5071 0.4219 0.6094    98  103.29  0.4990  0.1406  0.0391 (10)   1    92
random t3 A1            104  105.75  108  0.4978 0.3906 0.5781   104  105.29  0.5010  0.0938  0.0391 (10)   2   104
random t3 A2            104  105.75  108  0.4978 0.3906 0.5781   104  105.29  0.5010  0.0938  0.0391 (10)   2   104
random t3 A3            108  108.25  110  0.4963 0.4062 0.5625   104  105.79  0.5022  0.0938  0.0391 (10)   0   104
random t4 A0            100  104.25  108  0.5000 0.4219 0.5938    98  104.00  0.5025  0.1406  0.0547 (14)   1    92
random t4 A1            104  105.75  108  0.4937 0.3906 0.5781   104  105.29  0.5017  0.0938  0.0469 (12)   1   104
random t4 A2            104  105.75  108  0.4937 0.3906 0.5781   104  105.29  0.5017  0.0938  0.0469 (12)   1   104
random t4 A3            108  108.00  108  0.5005 0.3750 0.5781   104  105.93  0.5010  0.0938  0.0469 (12)   0   104
random t5 A0            100  104.25  106  0.4917 0.3906 0.5938   100  103.86  0.5052  0.1406  0.0391 (10)   0    92
random t5 A1            104  105.50  106  0.5000 0.4062 0.5781   104  105.57  0.5017  0.0938  0.0391 (10)   1   104
random t5 A2            104  105.50  106  0.5000 0.4062 0.5781   104  105.57  0.5017  0.0938  0.0391 (10)   1   104
random t5 A3            108  108.00  108  0.5020 0.3750 0.6250   104  105.64  0.5056  0.0938  0.0391 (10)   0   104
random t6 A0            102  104.25  106  0.5020 0.3906 0.6406    98  103.29  0.5006  0.1328  0.0391 (10)   0    94
random t6 A1            104  105.25  108  0.5000 0.4375 0.5938   104  105.64  0.5021  0.0938  0.0391 (10)   0   104
random t6 A2            104  105.25  108  0.5000 0.4375 0.5938   104  105.64  0.5021  0.0938  0.0391 (10)   0   104
random t6 A3            108  108.25  110  0.4968 0.3906 0.6250   104  106.29  0.5046  0.0938  0.0391 (10)   0   104
random t7 A0             92  102.25  110  0.5012 0.3750 0.6406    96  102.57  0.5011  0.1406  0.0391 (10)   0    92
random t7 A1            104  106.25  108  0.5073 0.4062 0.5781   104  105.64  0.5005  0.0938  0.0391 (10)   0   104
random t7 A2            104  106.25  108  0.5073 0.4062 0.5781   104  105.64  0.5005  0.0938  0.0391 (10)   0   104
random t7 A3            108  108.25  110  0.4915 0.4062 0.6094   104  106.29  0.5031  0.0938  0.0391 (10)   0   104
random t8 A0             98  103.50  106  0.5024 0.4062 0.5938    98  104.21  0.4977  0.1406  0.0469 (12)   3    92
random t8 A1            104  105.75  108  0.4951 0.4062 0.5938   104  105.93  0.5051  0.0938  0.0391 (10)   2   104
random t8 A2            104  105.75  108  0.4951 0.4062 0.5938   104  105.93  0.5051  0.0938  0.0391 (10)   2   104
random t8 A3            108  108.75  110  0.5066 0.4062 0.5938   104  106.07  0.5015  0.0938  0.0391 (10)   0   104
random t9 A0             96  104.00  110  0.5066 0.4062 0.5938    96  102.93  0.5007  0.1328  0.0469 (12)   0    94
random t9 A1            104  105.00  106  0.4993 0.4219 0.6094   104  105.43  0.4991  0.0938  0.0391 (10)   0   104
random t9 A2            104  105.00  106  0.4993 0.4219 0.6094   104  105.43  0.4991  0.0938  0.0391 (10)   0   104
random t9 A3            108  108.25  110  0.4993 0.4219 0.5938   104  105.93  0.5039  0.0938  0.0391 (10)   0   104

== Onerilen S-box: 2D-LCCM t8 (anahtar x0=0.4535424909, y0=0.3549312080) ==
Cikis tabani maskeleri: ['00010010', '10001001', '11001111', '11100110', '01101100', '01100000', '00011011', '10001101'], cikis sabiti: 0
S-box                  NLmn   NLavg NLmx  SACavg  SACmn  SACmx BNLmn  BNLavg    BSAC      LP      DP   DU  FP   cNL
AES (referans)          112  112.00  112  0.5049 0.4531 0.5625   112  112.00  0.5046  0.0625  0.0156 ( 4)   0   112
onerilen                108  108.25  110  0.5012 0.4219 0.5781   104  106.07  0.5018  0.0938  0.0312 ( 8)   0   104
 83 125  68 187  43 208 243  58  59 189  74 185 216  12 131 229
232  84 201 247  90 144  20 202 146  14  25 250  97  72 164  80
161 141 136 206 153  40 106 238 170  88 207 123 183 210  49 221
  9  30  69 239 204 211  62   2  39  32  17 154 104  37 184  47
160 150 120  57 167 180 237 119  26 121  33  82   1  78 142 173
166  42 102 255 198 178 145 215  89  95 240 115 151  77  67  41
246 163 245 193  81  54 133 214 179  73  44 234  22 128 220 212
 64  15 109   0  66  11  16 174  38 230 156  36  70  28 222 213
195 135 196 103  52  98  96  45 157  75 231 140 137 224 108 126
242 241 254 188 251  19  34 172 112 175  94  50 129   5  23 181
 92  65  79 197  91 194 186 124 223 192 219 113 168  86 182 158
 60 149  29 110 236 233 228 218 252 162  76  53  63  93  87 114
203 227  35 209  46 101 177  48 176  13 244 139 248  31 148   4
118 226  24 107   6  21 190 171  18 205 159 191 132   7 200  55
147 116 127  27 152  10 143 111 138  85 199  56 249 155 130 235
253 169 165 105 117   3 225  51 217   8  71  99 134 122 100  61
Koordinat NL: [110, 108, 108, 108, 108, 108, 108, 108]
Cebirsel dereceler: [7, 7, 7, 7, 7, 7, 7, 7]
SAC min/maks: 0.4219/0.5781; BIC-SAC min/maks: 0.3594/0.6250
SAC matrisi:
  0.4688 0.4844 0.5156 0.4531 0.5312 0.4531 0.5781 0.5312
  0.5781 0.5000 0.5312 0.5625 0.4688 0.5000 0.4688 0.5312
  0.5312 0.4844 0.5000 0.4844 0.4688 0.4844 0.5312 0.4531
  0.4844 0.4844 0.4375 0.4531 0.4688 0.5312 0.5312 0.5625
  0.4844 0.4375 0.4844 0.5469 0.5000 0.5312 0.4219 0.5156
  0.4844 0.4688 0.5312 0.5000 0.5156 0.4531 0.4375 0.4375
  0.5469 0.5312 0.5312 0.5000 0.5156 0.5156 0.4688 0.5469
  0.4844 0.5000 0.5781 0.5000 0.5156 0.5312 0.4375 0.5781